3.000E+00	1.065E+02	
3.100E+00	1.039E+02	
3.200E+00	1.015E+02	
3.300E+00	9.914E+01	
3.400E+00	9.694E+01	
3.500E+00	9.484E+01	
3.600E+00	9.285E+01	
3.700E+00	9.094E+01	
3.800E+00	8.912E+01	
3.900E+00	8.738E+01	
4.000E+00	8.571E+01	
4.100E+00	8.411E+01	
4.200E+00	8.258E+01	
4.300E+00	8.111E+01	
4.400E+00	7.970E+01	
4.500E+00	7.834E+01	
4.600E+00	7.703E+01	
4.700E+00	7.576E+01	
4.800E+00	7.455E+01	
4.900E+00	7.337E+01	
5.000E+00	7.224E+01	
5.100E+00	7.114E+01	
5.200E+00	7.009E+01	
5.300E+00	6.906E+01	
5.400E+00	6.807E+01	
5.500E+00	6.711E+01	
5.600E+00	6.618E+01	
5.700E+00	6.527E+01	
5.800E+00	6.440E+01	
5.900E+00	6.355E+01	
6.000E+00	6.272E+01	
6.100E+00	6.192E+01	
6.200E+00	6.114E+01	
6.300E+00	6.038E+01	
6.400E+00	5.964E+01	
6.500E+00	5.892E+01	
6.600E+00	5.822E+01	
6.700E+00	5.754E+01	
6.800E+00	5.688E+01	
6.900E+00	5.623E+01	
7.000E+00	5.560E+01	
7.100E+00	5.498E+01	
7.200E+00	5.438E+01	
7.300E+00	5.379E+01	
7.400E+00	5.322E+01	
7.500E+00	5.266E+01	
7.600E+00	5.211E+01	
7.700E+00	5.158E+01	
7.800E+00	5.106E+01	
7.900E+00	5.055E+01	
8.000E+00	5.005E+01	
8.100E+00	4.956E+01	
8.200E+00	4.908E+01	
8.300E+00	4.862E+01	
8.400E+00	4.816E+01	
8.500E+00	4.771E+01	
8.600E+00	4.727E+01	
8.700E+00	4.684E+01	
8.800E+00	4.642E+01	
8.900E+00	4.600E+01	
9.000E+00	4.560E+01	
9.100E+00	4.520E+01	
9.200E+00	4.481E+01	
9.300E+00	4.443E+01	
9.400E+00	4.405E+01	
9.500E+00	4.368E+01	
9.600E+00	4.332E+01	
9.700E+00	4.296E+01	
9.800E+00	4.262E+01	
9.900E+00	4.227E+01	
1.000E+01	4.194E+01	
1.010E+01	4.160E+01	
1.020E+01	4.128E+01	
1.030E+01	4.096E+01	
1.040E+01	4.065E+01	
1.050E+01	4.034E+01	
1.060E+01	4.003E+01	
1.070E+01	3.974E+01	
1.080E+01	3.944E+01	
1.090E+01	3.915E+01	
1.100E+01	3.887E+01	
1.110E+01	3.859E+01	
1.120E+01	3.831E+01	
1.130E+01	3.804E+01	
1.140E+01	3.778E+01	
1.150E+01	3.751E+01	
1.160E+01	3.725E+01	
1.170E+01	3.700E+01	
1.180E+01	3.675E+01	
1.190E+01	3.650E+01	
1.200E+01	3.626E+01	
1.210E+01	3.602E+01	
1.220E+01	3.578E+01	
1.230E+01	3.555E+01	
1.240E+01	3.532E+01	
1.250E+01	3.509E+01	
1.260E+01	3.487E+01	
1.270E+01	3.465E+01	
1.280E+01	3.443E+01	
1.290E+01	3.422E+01	
1.300E+01	3.401E+01	
1.310E+01	3.380E+01	
1.320E+01	3.359E+01	
1.330E+01	3.339E+01	
1.340E+01	3.319E+01	
1.350E+01	3.299E+01	
1.360E+01	3.280E+01	
1.370E+01	3.261E+01	
1.380E+01	3.242E+01	
1.390E+01	3.223E+01	
1.400E+01	3.204E+01	
1.410E+01	3.186E+01	
1.420E+01	3.168E+01	
1.430E+01	3.150E+01	
1.440E+01	3.133E+01	
1.450E+01	3.115E+01	
1.460E+01	3.098E+01	
1.470E+01	3.081E+01	
1.480E+01	3.065E+01	
1.490E+01	3.048E+01	
1.500E+01	3.032E+01	
1.510E+01	3.016E+01	
1.520E+01	3.000E+01	
1.530E+01	2.984E+01	
1.540E+01	2.968E+01	
1.550E+01	2.953E+01	
1.560E+01	2.938E+01	
1.570E+01	2.923E+01	
1.580E+01	2.908E+01	
1.590E+01	2.893E+01	
1.600E+01	2.878E+01	
1.610E+01	2.864E+01	
1.620E+01	2.850E+01	
1.630E+01	2.836E+01	
1.640E+01	2.822E+01	
1.650E+01	2.808E+01	
1.660E+01	2.794E+01	
1.670E+01	2.781E+01	
1.680E+01	2.768E+01	
1.690E+01	2.754E+01	
1.700E+01	2.741E+01	
1.710E+01	2.728E+01	
1.720E+01	2.716E+01	
1.730E+01	2.703E+01	
1.740E+01	2.691E+01	
1.750E+01	2.678E+01	
1.760E+01	2.666E+01	
1.770E+01	2.654E+01	
1.780E+01	2.642E+01	
1.790E+01	2.630E+01	
1.800E+01	2.618E+01	
1.810E+01	2.606E+01	
1.820E+01	2.595E+01	
1.830E+01	2.583E+01	
1.840E+01	2.572E+01	
1.850E+01	2.561E+01	
1.860E+01	2.550E+01	
1.870E+01	2.539E+01	
1.880E+01	2.528E+01	
1.890E+01	2.517E+01	
1.900E+01	2.506E+01	
1.910E+01	2.496E+01	
1.920E+01	2.485E+01	
1.930E+01	2.475E+01	
1.940E+01	2.465E+01	
1.950E+01	2.455E+01	
1.960E+01	2.444E+01	
1.970E+01	2.434E+01	
1.980E+01	2.425E+01	
1.990E+01	2.415E+01	
2.000E+01	2.405E+01	
2.010E+01	2.395E+01	
2.020E+01	2.386E+01	
2.030E+01	2.376E+01	
2.040E+01	2.367E+01	
2.050E+01	2.358E+01	
2.060E+01	2.348E+01	
2.070E+01	2.339E+01	
2.080E+01	2.330E+01	
2.090E+01	2.321E+01	
2.100E+01	2.312E+01	
2.110E+01	2.303E+01	
2.120E+01	2.295E+01	
2.130E+01	2.286E+01	
2.140E+01	2.277E+01	
2.150E+01	2.269E+01	
2.160E+01	2.260E+01	
2.170E+01	2.252E+01	
2.180E+01	2.244E+01	
2.190E+01	2.235E+01	
2.200E+01	2.227E+01	
2.210E+01	2.219E+01	
2.220E+01	2.211E+01	
2.230E+01	2.203E+01	
2.240E+01	2.195E+01	
2.250E+01	2.187E+01	
2.260E+01	2.179E+01	
2.270E+01	2.172E+01	
2.280E+01	2.164E+01	
2.290E+01	2.156E+01	
2.300E+01	2.149E+01	
2.310E+01	2.141E+01	
2.320E+01	2.134E+01	
2.330E+01	2.126E+01	
2.340E+01	2.119E+01	
2.350E+01	2.112E+01	
2.360E+01	2.105E+01	
2.370E+01	2.097E+01	
2.380E+01	2.090E+01	
2.390E+01	2.083E+01	
2.400E+01	2.076E+01	
2.410E+01	2.069E+01	
2.420E+01	2.062E+01	
2.430E+01	2.056E+01	
2.440E+01	2.049E+01	
2.450E+01	2.042E+01	
2.460E+01	2.035E+01	
2.470E+01	2.029E+01	
2.480E+01	2.022E+01	
2.490E+01	2.016E+01	
2.500E+01	2.009E+01	
2.510E+01	2.003E+01	
2.520E+01	1.996E+01	
2.530E+01	1.990E+01	
2.540E+01	1.984E+01	
2.550E+01	1.977E+01	
2.560E+01	1.971E+01	
2.570E+01	1.965E+01	
2.580E+01	1.959E+01	
2.590E+01	1.953E+01	
2.600E+01	1.947E+01	
2.610E+01	1.941E+01	
2.620E+01	1.935E+01	
2.630E+01	1.929E+01	
2.640E+01	1.923E+01	
2.650E+01	1.917E+01	
2.660E+01	1.911E+01	
2.670E+01	1.905E+01	
2.680E+01	1.900E+01	
2.690E+01	1.894E+01	
2.700E+01	1.888E+01	
2.710E+01	1.883E+01	
2.720E+01	1.877E+01	
2.730E+01	1.872E+01	
2.740E+01	1.866E+01	
2.750E+01	1.861E+01	
2.760E+01	1.855E+01	
2.770E+01	1.850E+01	
2.780E+01	1.844E+01	
2.790E+01	1.839E+01	
2.800E+01	1.834E+01	
2.810E+01	1.829E+01	
2.820E+01	1.823E+01	
2.830E+01	1.818E+01	
2.840E+01	1.813E+01	
2.850E+01	1.808E+01	
2.860E+01	1.803E+01	
2.870E+01	1.798E+01	
2.880E+01	1.793E+01	
2.890E+01	1.788E+01	
2.900E+01	1.783E+01	
2.910E+01	1.778E+01	
2.920E+01	1.773E+01	
2.930E+01	1.768E+01	
2.940E+01	1.763E+01	
2.950E+01	1.758E+01	
2.960E+01	1.754E+01	
2.970E+01	1.749E+01	
2.980E+01	1.744E+01	
2.990E+01	1.740E+01	
3.000E+01	1.735E+01	
3.010E+01	1.730E+01	
3.020E+01	1.726E+01	
3.030E+01	1.721E+01	
3.040E+01	1.716E+01	
3.050E+01	1.712E+01	
3.060E+01	1.707E+01	
3.070E+01	1.703E+01	
3.080E+01	1.699E+01	
3.090E+01	1.694E+01	
3.100E+01	1.690E+01	
3.110E+01	1.685E+01	
3.120E+01	1.681E+01	
3.130E+01	1.677E+01	
3.140E+01	1.672E+01	
3.150E+01	1.668E+01	
3.160E+01	1.664E+01	
3.170E+01	1.660E+01	
3.180E+01	1.655E+01	
3.190E+01	1.651E+01	
3.200E+01	1.647E+01	
3.210E+01	1.643E+01	
3.220E+01	1.639E+01	
3.230E+01	1.635E+01	
3.240E+01	1.631E+01	
3.250E+01	1.627E+01	
3.260E+01	1.623E+01	
3.270E+01	1.619E+01	
3.280E+01	1.615E+01	
3.290E+01	1.611E+01	
3.300E+01	1.607E+01	
3.310E+01	1.603E+01	
3.320E+01	1.599E+01	
3.330E+01	1.595E+01	
3.340E+01	1.592E+01	
3.350E+01	1.588E+01	
3.360E+01	1.584E+01	
3.370E+01	1.580E+01	
3.380E+01	1.576E+01	
3.390E+01	1.573E+01	
3.400E+01	1.569E+01	
3.410E+01	1.565E+01	
3.420E+01	1.562E+01	
3.430E+01	1.558E+01	
3.440E+01	1.554E+01	
3.450E+01	1.551E+01	
3.460E+01	1.547E+01	
3.470E+01	1.544E+01	
3.480E+01	1.540E+01	
3.490E+01	1.536E+01	
3.500E+01	1.533E+01	
3.510E+01	1.529E+01	
3.520E+01	1.526E+01	
3.530E+01	1.523E+01	
3.540E+01	1.519E+01	
3.550E+01	1.516E+01	
3.560E+01	1.512E+01	
3.570E+01	1.509E+01	
3.580E+01	1.505E+01	
3.590E+01	1.502E+01	
3.600E+01	1.499E+01	
3.610E+01	1.495E+01	
3.620E+01	1.492E+01	
3.630E+01	1.489E+01	
3.640E+01	1.486E+01	
3.650E+01	1.482E+01	
3.660E+01	1.479E+01	
3.670E+01	1.476E+01	
3.680E+01	1.473E+01	
3.690E+01	1.469E+01	
3.700E+01	1.466E+01	
3.710E+01	1.463E+01	
3.720E+01	1.460E+01	
3.730E+01	1.457E+01	
3.740E+01	1.454E+01	
3.750E+01	1.451E+01	
3.760E+01	1.448E+01	
3.770E+01	1.444E+01	
3.780E+01	1.441E+01	
3.790E+01	1.438E+01	
3.800E+01	1.435E+01	
3.810E+01	1.432E+01	
3.820E+01	1.429E+01	
3.830E+01	1.426E+01	
3.840E+01	1.423E+01	
3.850E+01	1.420E+01	
3.860E+01	1.417E+01	
3.870E+01	1.415E+01	
3.880E+01	1.412E+01	
3.890E+01	1.409E+01	
3.900E+01	1.406E+01	
3.910E+01	1.403E+01	
3.920E+01	1.400E+01	
3.930E+01	1.397E+01	
3.940E+01	1.394E+01	
3.950E+01	1.392E+01	
3.960E+01	1.389E+01	
3.970E+01	1.386E+01	
3.980E+01	1.383E+01	
3.990E+01	1.380E+01	
4.000E+01	1.378E+01	
4.010E+01	1.375E+01	
4.020E+01	1.372E+01	
4.030E+01	1.370E+01	
4.040E+01	1.367E+01	
4.050E+01	1.364E+01	
4.060E+01	1.361E+01	
4.070E+01	1.359E+01	
4.080E+01	1.356E+01	
4.090E+01	1.354E+01	
4.100E+01	1.351E+01	
4.110E+01	1.348E+01	
4.120E+01	1.346E+01	
4.130E+01	1.343E+01	
4.140E+01	1.340E+01	
4.150E+01	1.338E+01	
4.160E+01	1.335E+01	
4.170E+01	1.333E+01	
4.180E+01	1.330E+01	
4.190E+01	1.328E+01	
4.200E+01	1.325E+01	
4.210E+01	1.323E+01	
4.220E+01	1.320E+01	
4.230E+01	1.318E+01	
4.240E+01	1.315E+01	
4.250E+01	1.313E+01	
4.260E+01	1.310E+01	
4.270E+01	1.308E+01	
4.280E+01	1.305E+01	
4.290E+01	1.303E+01	
4.300E+01	1.301E+01	
4.310E+01	1.298E+01	
4.320E+01	1.296E+01	
4.330E+01	1.293E+01	
4.340E+01	1.291E+01	
4.350E+01	1.289E+01	
4.360E+01	1.286E+01	
4.370E+01	1.284E+01	
4.380E+01	1.282E+01	
4.390E+01	1.279E+01	
4.400E+01	1.277E+01	
4.410E+01	1.275E+01	
4.420E+01	1.272E+01	
4.430E+01	1.270E+01	
4.440E+01	1.268E+01	
4.450E+01	1.266E+01	
4.460E+01	1.263E+01	
4.470E+01	1.261E+01	
4.480E+01	1.259E+01	
4.490E+01	1.257E+01	
4.500E+01	1.254E+01	
4.510E+01	1.252E+01	
4.520E+01	1.250E+01	
4.530E+01	1.248E+01	
4.540E+01	1.246E+01	
4.550E+01	1.244E+01	
4.560E+01	1.241E+01	
4.570E+01	1.239E+01	
4.580E+01	1.237E+01	
4.590E+01	1.235E+01	
4.600E+01	1.233E+01	
4.610E+01	1.231E+01	
4.620E+01	1.229E+01	
4.630E+01	1.226E+01	
4.640E+01	1.224E+01	
4.650E+01	1.222E+01	
4.660E+01	1.220E+01	
4.670E+01	1.218E+01	
4.680E+01	1.216E+01	
4.690E+01	1.214E+01	
4.700E+01	1.212E+01	
4.710E+01	1.210E+01	
4.720E+01	1.208E+01	
4.730E+01	1.206E+01	
4.740E+01	1.204E+01	
4.750E+01	1.202E+01	
4.760E+01	1.200E+01	
4.770E+01	1.198E+01	
4.780E+01	1.196E+01	
4.790E+01	1.194E+01	
4.800E+01	1.192E+01	
4.810E+01	1.190E+01	
4.820E+01	1.188E+01	
4.830E+01	1.186E+01	
4.840E+01	1.184E+01	
4.850E+01	1.182E+01	
4.860E+01	1.180E+01	
4.870E+01	1.178E+01	
4.880E+01	1.176E+01	
4.890E+01	1.175E+01	
4.900E+01	1.173E+01	
4.910E+01	1.171E+01	
4.920E+01	1.169E+01	
4.930E+01	1.167E+01	
4.940E+01	1.165E+01	
4.950E+01	1.163E+01	
4.960E+01	1.161E+01	
4.970E+01	1.160E+01	
4.980E+01	1.158E+01	
4.990E+01	1.156E+01	
5.000E+01	1.154E+01	
5.010E+01	1.152E+01	
5.020E+01	1.150E+01	
5.030E+01	1.149E+01	
5.040E+01	1.147E+01	
5.050E+01	1.145E+01	
5.060E+01	1.143E+01	
5.070E+01	1.141E+01	
5.080E+01	1.140E+01	
5.090E+01	1.138E+01	
5.100E+01	1.136E+01	
5.110E+01	1.134E+01	
5.120E+01	1.133E+01	
5.130E+01	1.131E+01	
5.140E+01	1.129E+01	
5.150E+01	1.127E+01	
5.160E+01	1.126E+01	
5.170E+01	1.124E+01	
5.180E+01	1.122E+01	
5.190E+01	1.121E+01	
5.200E+01	1.119E+01	
5.210E+01	1.117E+01	
5.220E+01	1.116E+01	
5.230E+01	1.114E+01	
5.240E+01	1.112E+01	
5.250E+01	1.111E+01	
5.260E+01	1.109E+01	
5.270E+01	1.107E+01	
5.280E+01	1.106E+01	
5.290E+01	1.104E+01	
5.300E+01	1.102E+01	
5.310E+01	1.101E+01	
5.320E+01	1.099E+01	
5.330E+01	1.097E+01	
5.340E+01	1.096E+01	
5.350E+01	1.094E+01	
5.360E+01	1.093E+01	
5.370E+01	1.091E+01	
5.380E+01	1.089E+01	
5.390E+01	1.088E+01	
5.400E+01	1.086E+01	
5.410E+01	1.085E+01	
5.420E+01	1.083E+01	
5.430E+01	1.081E+01	
5.440E+01	1.080E+01	
5.450E+01	1.078E+01	
5.460E+01	1.077E+01	
5.470E+01	1.075E+01	
5.480E+01	1.074E+01	
5.490E+01	1.072E+01	
5.500E+01	1.071E+01	
5.510E+01	1.069E+01	
5.520E+01	1.068E+01	
5.530E+01	1.066E+01	
5.540E+01	1.065E+01	
5.550E+01	1.063E+01	
5.560E+01	1.062E+01	
5.570E+01	1.060E+01	
5.580E+01	1.059E+01	
5.590E+01	1.057E+01	
5.600E+01	1.056E+01	
5.610E+01	1.054E+01	
5.620E+01	1.053E+01	
5.630E+01	1.051E+01	
5.640E+01	1.050E+01	
5.650E+01	1.048E+01	
5.660E+01	1.047E+01	
5.670E+01	1.045E+01	
5.680E+01	1.044E+01	
5.690E+01	1.042E+01	
5.700E+01	1.041E+01	
5.710E+01	1.040E+01	
5.720E+01	1.038E+01	
5.730E+01	1.037E+01	
5.740E+01	1.035E+01	
5.750E+01	1.034E+01	
5.760E+01	1.033E+01	
5.770E+01	1.031E+01	
5.780E+01	1.030E+01	
5.790E+01	1.028E+01	
5.800E+01	1.027E+01	
5.810E+01	1.026E+01	
5.820E+01	1.024E+01	
5.830E+01	1.023E+01	
5.840E+01	1.021E+01	
5.850E+01	1.020E+01	
5.860E+01	1.019E+01	
5.870E+01	1.017E+01	
5.880E+01	1.016E+01	
5.890E+01	1.015E+01	
5.900E+01	1.013E+01	
5.910E+01	1.012E+01	
5.920E+01	1.011E+01	
5.930E+01	1.009E+01	
5.940E+01	1.008E+01	
5.950E+01	1.007E+01	
5.960E+01	1.005E+01	
5.970E+01	1.004E+01	
5.980E+01	1.003E+01	
5.990E+01	1.001E+01	
6.000E+01	1.000E+01	
6.010E+01	9.988E+00	
6.020E+01	9.975E+00	
6.030E+01	9.963E+00	
6.040E+01	9.950E+00	
6.050E+01	9.937E+00	
6.060E+01	9.924E+00	
6.070E+01	9.911E+00	
6.080E+01	9.899E+00	
6.090E+01	9.886E+00	
6.100E+01	9.873E+00	
6.110E+01	9.861E+00	
6.120E+01	9.848E+00	
6.130E+01	9.836E+00	
6.140E+01	9.823E+00	
6.150E+01	9.811E+00	
6.160E+01	9.798E+00	
6.170E+01	9.786E+00	
6.180E+01	9.774E+00	
6.190E+01	9.761E+00	
6.200E+01	9.749E+00	
6.210E+01	9.737E+00	
6.220E+01	9.725E+00	
6.230E+01	9.712E+00	
6.240E+01	9.700E+00	
6.250E+01	9.688E+00	
6.260E+01	9.676E+00	
6.270E+01	9.664E+00	
6.280E+01	9.652E+00	
6.290E+01	9.640E+00	
6.300E+01	9.628E+00	
6.310E+01	9.617E+00	
6.320E+01	9.605E+00	
6.330E+01	9.593E+00	
6.340E+01	9.581E+00	
6.350E+01	9.569E+00	
6.360E+01	9.558E+00	
6.370E+01	9.546E+00	
6.380E+01	9.534E+00	
6.390E+01	9.523E+00	
6.400E+01	9.511E+00	
6.410E+01	9.500E+00	
6.420E+01	9.488E+00	
6.430E+01	9.477E+00	
6.440E+01	9.465E+00	
6.450E+01	9.454E+00	
6.460E+01	9.443E+00	
6.470E+01	9.431E+00	
6.480E+01	9.420E+00	
6.490E+01	9.409E+00	
6.500E+01	9.398E+00	
6.510E+01	9.386E+00	
6.520E+01	9.375E+00	
6.530E+01	9.364E+00	
6.540E+01	9.353E+00	
6.550E+01	9.342E+00	
6.560E+01	9.331E+00	
6.570E+01	9.320E+00	
6.580E+01	9.309E+00	
6.590E+01	9.298E+00	
6.600E+01	9.287E+00	
6.610E+01	9.276E+00	
6.620E+01	9.265E+00	
6.630E+01	9.254E+00	
6.640E+01	9.244E+00	
6.650E+01	9.233E+00	
6.660E+01	9.222E+00	
6.670E+01	9.211E+00	
6.680E+01	9.201E+00	
6.690E+01	9.190E+00	
6.700E+01	9.180E+00	
6.710E+01	9.169E+00	
6.720E+01	9.158E+00	
6.730E+01	9.148E+00	
6.740E+01	9.137E+00	
6.750E+01	9.127E+00	
6.760E+01	9.116E+00	
6.770E+01	9.106E+00	
6.780E+01	9.096E+00	
6.790E+01	9.085E+00	
6.800E+01	9.075E+00	
6.810E+01	9.065E+00	
6.820E+01	9.054E+00	
6.830E+01	9.044E+00	
6.840E+01	9.034E+00	
6.850E+01	9.024E+00	
6.860E+01	9.014E+00	
6.870E+01	9.003E+00	
6.880E+01	8.993E+00	
6.890E+01	8.983E+00	
6.900E+01	8.973E+00	
6.910E+01	8.963E+00	
6.920E+01	8.953E+00	
6.930E+01	8.943E+00	
6.940E+01	8.933E+00	
6.950E+01	8.923E+00	
6.960E+01	8.914E+00	
6.970E+01	8.904E+00	
6.980E+01	8.894E+00	
6.990E+01	8.884E+00	
7.000E+01	8.874E+00	
7.010E+01	8.864E+00	
7.020E+01	8.855E+00	
7.030E+01	8.845E+00	
7.040E+01	8.835E+00	
7.050E+01	8.826E+00	
7.060E+01	8.816E+00	
7.070E+01	8.806E+00	
7.080E+01	8.797E+00	
7.090E+01	8.787E+00	
7.100E+01	8.778E+00	
7.110E+01	8.768E+00	
7.120E+01	8.759E+00	
7.130E+01	8.749E+00	
7.140E+01	8.740E+00	
7.150E+01	8.731E+00	
7.160E+01	8.721E+00	
7.170E+01	8.712E+00	
7.180E+01	8.702E+00	
7.190E+01	8.693E+00	
7.200E+01	8.684E+00	
7.210E+01	8.675E+00	
7.220E+01	8.665E+00	
7.230E+01	8.656E+00	
7.240E+01	8.647E+00	
7.250E+01	8.638E+00	
7.260E+01	8.629E+00	
7.270E+01	8.620E+00	
7.280E+01	8.610E+00	
7.290E+01	8.601E+00	
7.300E+01	8.592E+00	
7.310E+01	8.583E+00	
7.320E+01	8.574E+00	
7.330E+01	8.565E+00	
7.340E+01	8.556E+00	
7.350E+01	8.547E+00	
7.360E+01	8.539E+00	
7.370E+01	8.530E+00	
7.380E+01	8.521E+00	
7.390E+01	8.512E+00	
7.400E+01	8.503E+00	
7.410E+01	8.494E+00	
7.420E+01	8.486E+00	
7.430E+01	8.477E+00	
7.440E+01	8.468E+00	
7.450E+01	8.459E+00	
7.460E+01	8.451E+00	
7.470E+01	8.442E+00	
7.480E+01	8.433E+00	
7.490E+01	8.425E+00	
7.500E+01	8.416E+00	
7.510E+01	8.408E+00	
7.520E+01	8.399E+00	
7.530E+01	8.390E+00	
7.540E+01	8.382E+00	
7.550E+01	8.373E+00	
7.560E+01	8.365E+00	
7.570E+01	8.356E+00	
7.580E+01	8.348E+00	
7.590E+01	8.340E+00	
7.600E+01	8.331E+00	
7.610E+01	8.323E+00	
7.620E+01	8.315E+00	
7.630E+01	8.306E+00	
7.640E+01	8.298E+00	
7.650E+01	8.290E+00	
7.660E+01	8.281E+00	
7.670E+01	8.273E+00	
7.680E+01	8.265E+00	
7.690E+01	8.257E+00	
7.700E+01	8.248E+00	
7.710E+01	8.240E+00	
7.720E+01	8.232E+00	
7.730E+01	8.224E+00	
7.740E+01	8.216E+00	
7.750E+01	8.208E+00	
7.760E+01	8.200E+00	
7.770E+01	8.192E+00	
7.780E+01	8.184E+00	
7.790E+01	8.176E+00	
7.800E+01	8.168E+00	
7.810E+01	8.160E+00	
7.820E+01	8.152E+00	
7.830E+01	8.144E+00	
7.840E+01	8.136E+00	
7.850E+01	8.128E+00	
7.860E+01	8.120E+00	
7.870E+01	8.112E+00	
7.880E+01	8.104E+00	
7.890E+01	8.096E+00	
7.900E+01	8.089E+00	
7.910E+01	8.081E+00	
7.920E+01	8.073E+00	
7.930E+01	8.065E+00	
7.940E+01	8.058E+00	
7.950E+01	8.050E+00	
7.960E+01	8.042E+00	
7.970E+01	8.035E+00	
7.980E+01	8.027E+00	
7.990E+01	8.019E+00	
8.000E+01	8.012E+00	
8.010E+01	8.004E+00	
8.020E+01	7.996E+00	
8.030E+01	7.989E+00	
8.040E+01	7.981E+00	
8.050E+01	7.974E+00	
8.060E+01	7.966E+00	
8.070E+01	7.959E+00	
8.080E+01	7.951E+00	
8.090E+01	7.944E+00	
8.100E+01	7.936E+00	
8.110E+01	7.929E+00	
8.120E+01	7.921E+00	
8.130E+01	7.914E+00	
8.140E+01	7.907E+00	
8.150E+01	7.899E+00	
8.160E+01	7.892E+00	
8.170E+01	7.885E+00	
8.180E+01	7.877E+00	
8.190E+01	7.870E+00	
8.200E+01	7.863E+00	
8.210E+01	7.855E+00	
8.220E+01	7.848E+00	
8.230E+01	7.841E+00	
8.240E+01	7.834E+00	
8.250E+01	7.827E+00	
8.260E+01	7.819E+00	
8.270E+01	7.812E+00	
8.280E+01	7.805E+00	
8.290E+01	7.798E+00	
8.300E+01	7.791E+00	
8.310E+01	7.784E+00	
8.320E+01	7.777E+00	
8.330E+01	7.770E+00	
8.340E+01	7.762E+00	
8.350E+01	7.755E+00	
8.360E+01	7.748E+00	
8.370E+01	7.741E+00	
8.380E+01	7.734E+00	
8.390E+01	7.727E+00	
8.400E+01	7.720E+00	
8.410E+01	7.714E+00	
8.420E+01	7.707E+00	
8.430E+01	7.700E+00	
8.440E+01	7.693E+00	
8.450E+01	7.686E+00	
8.460E+01	7.679E+00	
8.470E+01	7.672E+00	
8.480E+01	7.665E+00	
8.490E+01	7.659E+00	
8.500E+01	7.652E+00	
8.510E+01	7.645E+00	
8.520E+01	7.638E+00	
8.530E+01	7.631E+00	
8.540E+01	7.625E+00	
8.550E+01	7.618E+00	
8.560E+01	7.611E+00	
8.570E+01	7.604E+00	
8.580E+01	7.598E+00	
8.590E+01	7.591E+00	
8.600E+01	7.584E+00	
8.610E+01	7.578E+00	
8.620E+01	7.571E+00	
8.630E+01	7.565E+00	
8.640E+01	7.558E+00	
8.650E+01	7.551E+00	
8.660E+01	7.545E+00	
8.670E+01	7.538E+00	
8.680E+01	7.532E+00	
8.690E+01	7.525E+00	
8.700E+01	7.519E+00	
8.710E+01	7.512E+00	
8.720E+01	7.506E+00	
8.730E+01	7.499E+00	
8.740E+01	7.493E+00	
8.750E+01	7.486E+00	
8.760E+01	7.480E+00	
8.770E+01	7.473E+00	
8.780E+01	7.467E+00	
8.790E+01	7.461E+00	
8.800E+01	7.454E+00	
8.810E+01	7.448E+00	
8.820E+01	7.441E+00	
8.830E+01	7.435E+00	
8.840E+01	7.429E+00	
8.850E+01	7.422E+00	
8.860E+01	7.416E+00	
8.870E+01	7.410E+00	
8.880E+01	7.404E+00	
8.890E+01	7.397E+00	
8.900E+01	7.391E+00	
8.910E+01	7.385E+00	
8.920E+01	7.379E+00	
8.930E+01	7.372E+00	
8.940E+01	7.366E+00	
8.950E+01	7.360E+00	
8.960E+01	7.354E+00	
8.970E+01	7.348E+00	
8.980E+01	7.342E+00	
8.990E+01	7.335E+00	
9.000E+01	7.329E+00	
9.010E+01	7.323E+00	
9.020E+01	7.317E+00	
9.030E+01	7.311E+00	
9.040E+01	7.305E+00	
9.050E+01	7.299E+00	
9.060E+01	7.293E+00	
9.070E+01	7.287E+00	
9.080E+01	7.281E+00	
9.090E+01	7.275E+00	
9.100E+01	7.269E+00	
9.110E+01	7.263E+00	
9.120E+01	7.257E+00	
9.130E+01	7.251E+00	
9.140E+01	7.245E+00	
9.150E+01	7.239E+00	
9.160E+01	7.233E+00	
9.170E+01	7.227E+00	
9.180E+01	7.221E+00	
9.190E+01	7.215E+00	
9.200E+01	7.210E+00	
9.210E+01	7.204E+00	
9.220E+01	7.198E+00	
9.230E+01	7.192E+00	
9.240E+01	7.186E+00	
9.250E+01	7.180E+00	
9.260E+01	7.175E+00	
9.270E+01	7.169E+00	
9.280E+01	7.163E+00	
9.290E+01	7.157E+00	
9.300E+01	7.152E+00	
9.310E+01	7.146E+00	
9.320E+01	7.140E+00	
9.330E+01	7.134E+00	
9.340E+01	7.129E+00	
9.350E+01	7.123E+00	
9.360E+01	7.117E+00	
9.370E+01	7.112E+00	
9.380E+01	7.106E+00	
9.390E+01	7.100E+00	
9.400E+01	7.095E+00	
9.410E+01	7.089E+00	
9.420E+01	7.083E+00	
9.430E+01	7.078E+00	
9.440E+01	7.072E+00	
9.450E+01	7.067E+00	
9.460E+01	7.061E+00	
9.470E+01	7.055E+00	
9.480E+01	7.050E+00	
9.490E+01	7.044E+00	
9.500E+01	7.039E+00	
9.510E+01	7.033E+00	
9.520E+01	7.028E+00	
9.530E+01	7.022E+00	
9.540E+01	7.017E+00	
9.550E+01	7.011E+00	
9.560E+01	7.006E+00	
9.570E+01	7.000E+00	
9.580E+01	6.995E+00	
9.590E+01	6.990E+00	
9.600E+01	6.984E+00	
9.610E+01	6.979E+00	
9.620E+01	6.973E+00	
9.630E+01	6.968E+00	
9.640E+01	6.963E+00	
9.650E+01	6.957E+00	
9.660E+01	6.952E+00	
9.670E+01	6.947E+00	
9.680E+01	6.941E+00	
9.690E+01	6.936E+00	
9.700E+01	6.931E+00	
9.710E+01	6.925E+00	
9.720E+01	6.920E+00	
9.730E+01	6.915E+00	
9.740E+01	6.909E+00	
9.750E+01	6.904E+00	
9.760E+01	6.899E+00	
9.770E+01	6.894E+00	
9.780E+01	6.888E+00	
9.790E+01	6.883E+00	
9.800E+01	6.878E+00	
9.810E+01	6.873E+00	
9.820E+01	6.868E+00	
9.830E+01	6.862E+00	
9.840E+01	6.857E+00	
9.850E+01	6.852E+00	
9.860E+01	6.847E+00	
9.870E+01	6.842E+00	
9.880E+01	6.837E+00	
9.890E+01	6.831E+00	
9.900E+01	6.826E+00	
9.910E+01	6.821E+00	
9.920E+01	6.816E+00	
9.930E+01	6.811E+00	
9.940E+01	6.806E+00	
9.950E+01	6.801E+00	
9.960E+01	6.796E+00	
9.970E+01	6.791E+00	
9.980E+01	6.786E+00	
9.990E+01	6.781E+00	
1.000E+02	6.776E+00	
1.001E+02	6.771E+00	
1.002E+02	6.766E+00	
1.003E+02	6.761E+00	
1.004E+02	6.756E+00	
1.005E+02	6.751E+00	
1.006E+02	6.746E+00	
1.007E+02	6.741E+00	
1.008E+02	6.736E+00	
1.009E+02	6.731E+00	
1.010E+02	6.726E+00	
1.011E+02	6.721E+00	
1.012E+02	6.716E+00	
1.013E+02	6.711E+00	
1.014E+02	6.706E+00	
1.015E+02	6.702E+00	
1.016E+02	6.697E+00	
1.017E+02	6.692E+00	
1.018E+02	6.687E+00	
1.019E+02	6.682E+00	
1.020E+02	6.677E+00	
1.021E+02	6.672E+00	
1.022E+02	6.668E+00	
1.023E+02	6.663E+00	
1.024E+02	6.658E+00	
1.025E+02	6.653E+00	
1.026E+02	6.648E+00	
1.027E+02	6.644E+00	
1.028E+02	6.639E+00	
1.029E+02	6.634E+00	
1.030E+02	6.629E+00	
1.031E+02	6.625E+00	
1.032E+02	6.620E+00	
1.033E+02	6.615E+00	
1.034E+02	6.610E+00	
1.035E+02	6.606E+00	
1.036E+02	6.601E+00	
1.037E+02	6.596E+00	
1.038E+02	6.592E+00	
1.039E+02	6.587E+00	
1.040E+02	6.582E+00	
1.041E+02	6.578E+00	
1.042E+02	6.573E+00	
1.043E+02	6.568E+00	
1.044E+02	6.564E+00	
1.045E+02	6.559E+00	
1.046E+02	6.555E+00	
1.047E+02	6.550E+00	
1.048E+02	6.545E+00	
1.049E+02	6.541E+00	
1.050E+02	6.536E+00	
1.051E+02	6.532E+00	
1.052E+02	6.527E+00	
1.053E+02	6.523E+00	
1.054E+02	6.518E+00	
1.055E+02	6.513E+00	
1.056E+02	6.509E+00	
1.057E+02	6.504E+00	
1.058E+02	6.500E+00	
1.059E+02	6.495E+00	
1.060E+02	6.491E+00	
1.061E+02	6.486E+00	
1.062E+02	6.482E+00	
1.063E+02	6.477E+00	
1.064E+02	6.473E+00	
1.065E+02	6.468E+00	
1.066E+02	6.464E+00	
1.067E+02	6.460E+00	
1.068E+02	6.455E+00	
1.069E+02	6.451E+00	
1.070E+02	6.446E+00	
1.071E+02	6.442E+00	
1.072E+02	6.437E+00	
1.073E+02	6.433E+00	
1.074E+02	6.429E+00	
1.075E+02	6.424E+00	
1.076E+02	6.420E+00	
1.077E+02	6.416E+00	
1.078E+02	6.411E+00	
1.079E+02	6.407E+00	
1.080E+02	6.403E+00	
1.081E+02	6.398E+00	
1.082E+02	6.394E+00	
1.083E+02	6.390E+00	
1.084E+02	6.385E+00	
1.085E+02	6.381E+00	
1.086E+02	6.377E+00	
1.087E+02	6.372E+00	
1.088E+02	6.368E+00	
1.089E+02	6.364E+00	
1.090E+02	6.360E+00	
1.091E+02	6.355E+00	
1.092E+02	6.351E+00	
1.093E+02	6.347E+00	
1.094E+02	6.343E+00	
1.095E+02	6.338E+00	
1.096E+02	6.334E+00	
1.097E+02	6.330E+00	
1.098E+02	6.326E+00	
1.099E+02	6.321E+00	
1.100E+02	6.317E+00	
1.101E+02	6.313E+00	
1.102E+02	6.309E+00	
1.103E+02	6.305E+00	
1.104E+02	6.301E+00	
1.105E+02	6.296E+00	
1.106E+02	6.292E+00	
1.107E+02	6.288E+00	
1.108E+02	6.284E+00	
1.109E+02	6.280E+00	
1.110E+02	6.276E+00	
1.111E+02	6.272E+00	
1.112E+02	6.267E+00	
1.113E+02	6.263E+00	
1.114E+02	6.259E+00	
1.115E+02	6.255E+00	
1.116E+02	6.251E+00	
1.117E+02	6.247E+00	
1.118E+02	6.243E+00	
1.119E+02	6.239E+00	
1.120E+02	6.235E+00	
1.121E+02	6.231E+00	
1.122E+02	6.227E+00	
1.123E+02	6.223E+00	
1.124E+02	6.219E+00	
1.125E+02	6.215E+00	
1.126E+02	6.211E+00	
1.127E+02	6.207E+00	
1.128E+02	6.203E+00	
1.129E+02	6.199E+00	
1.130E+02	6.195E+00	
1.131E+02	6.191E+00	
1.132E+02	6.187E+00	
1.133E+02	6.183E+00	
1.134E+02	6.179E+00	
1.135E+02	6.175E+00	
1.136E+02	6.171E+00	
1.137E+02	6.167E+00	
1.138E+02	6.163E+00	
1.139E+02	6.159E+00	
1.140E+02	6.155E+00	
1.141E+02	6.151E+00	
1.142E+02	6.147E+00	
1.143E+02	6.143E+00	
1.144E+02	6.140E+00	
1.145E+02	6.136E+00	
1.146E+02	6.132E+00	
1.147E+02	6.128E+00	
1.148E+02	6.124E+00	
1.149E+02	6.120E+00	
1.150E+02	6.116E+00	
1.151E+02	6.112E+00	
1.152E+02	6.109E+00	
1.153E+02	6.105E+00	
1.154E+02	6.101E+00	
1.155E+02	6.097E+00	
1.156E+02	6.093E+00	
1.157E+02	6.089E+00	
1.158E+02	6.086E+00	
1.159E+02	6.082E+00	
1.160E+02	6.078E+00	
1.161E+02	6.074E+00	
1.162E+02	6.070E+00	
1.163E+02	6.067E+00	
1.164E+02	6.063E+00	
1.165E+02	6.059E+00	
1.166E+02	6.055E+00	
1.167E+02	6.052E+00	
1.168E+02	6.048E+00	
1.169E+02	6.044E+00	
1.170E+02	6.040E+00	
1.171E+02	6.037E+00	
1.172E+02	6.033E+00	
1.173E+02	6.029E+00	
1.174E+02	6.026E+00	
1.175E+02	6.022E+00	
1.176E+02	6.018E+00	
1.177E+02	6.014E+00	
1.178E+02	6.011E+00	
1.179E+02	6.007E+00	
1.180E+02	6.003E+00	
1.181E+02	6.000E+00	
1.182E+02	5.996E+00	
1.183E+02	5.992E+00	
1.184E+02	5.989E+00	
1.185E+02	5.985E+00	
1.186E+02	5.982E+00	
1.187E+02	5.978E+00	
1.188E+02	5.974E+00	
1.189E+02	5.971E+00	
1.190E+02	5.967E+00	
1.191E+02	5.963E+00	
1.192E+02	5.960E+00	
1.193E+02	5.956E+00	
1.194E+02	5.953E+00	
1.195E+02	5.949E+00	
1.196E+02	5.945E+00	
1.197E+02	5.942E+00	
1.198E+02	5.938E+00	
1.199E+02	5.935E+00	
1.200E+02	5.931E+00	
1.201E+02	5.928E+00	
1.202E+02	5.924E+00	
1.203E+02	5.921E+00	
1.204E+02	5.917E+00	
1.205E+02	5.913E+00	
1.206E+02	5.910E+00	
1.207E+02	5.906E+00	
1.208E+02	5.903E+00	
1.209E+02	5.899E+00	
1.210E+02	5.896E+00	
1.211E+02	5.892E+00	
1.212E+02	5.889E+00	
1.213E+02	5.885E+00	
1.214E+02	5.882E+00	
1.215E+02	5.878E+00	
1.216E+02	5.875E+00	
1.217E+02	5.871E+00	
1.218E+02	5.868E+00	
1.219E+02	5.865E+00	
1.220E+02	5.861E+00	
1.221E+02	5.858E+00	
1.222E+02	5.854E+00	
1.223E+02	5.851E+00	
1.224E+02	5.847E+00	
1.225E+02	5.844E+00	
1.226E+02	5.841E+00	
1.227E+02	5.837E+00	
1.228E+02	5.834E+00	
1.229E+02	5.830E+00	
1.230E+02	5.827E+00	
1.231E+02	5.824E+00	
1.232E+02	5.820E+00	
1.233E+02	5.817E+00	
1.234E+02	5.813E+00	
1.235E+02	5.810E+00	
1.236E+02	5.807E+00	
1.237E+02	5.803E+00	
1.238E+02	5.800E+00	
1.239E+02	5.797E+00	
1.240E+02	5.793E+00	
1.241E+02	5.790E+00	
1.242E+02	5.787E+00	
1.243E+02	5.783E+00	
1.244E+02	5.780E+00	
1.245E+02	5.777E+00	
1.246E+02	5.773E+00	
1.247E+02	5.770E+00	
1.248E+02	5.767E+00	
1.249E+02	5.763E+00	
1.250E+02	5.760E+00	
1.251E+02	5.757E+00	
1.252E+02	5.753E+00	
1.253E+02	5.750E+00	
1.254E+02	5.747E+00	
1.255E+02	5.744E+00	
1.256E+02	5.740E+00	
1.257E+02	5.737E+00	
1.258E+02	5.734E+00	
1.259E+02	5.731E+00	
1.260E+02	5.727E+00	
1.261E+02	5.724E+00	
1.262E+02	5.721E+00	
1.263E+02	5.718E+00	
1.264E+02	5.714E+00	
1.265E+02	5.711E+00	
1.266E+02	5.708E+00	
1.267E+02	5.705E+00	
1.268E+02	5.702E+00	
1.269E+02	5.698E+00	
1.270E+02	5.695E+00	
1.271E+02	5.692E+00	
1.272E+02	5.689E+00	
1.273E+02	5.686E+00	
1.274E+02	5.682E+00	
1.275E+02	5.679E+00	
1.276E+02	5.676E+00	
1.277E+02	5.673E+00	
1.278E+02	5.670E+00	
1.279E+02	5.667E+00	
1.280E+02	5.663E+00	
1.281E+02	5.660E+00	
1.282E+02	5.657E+00	
1.283E+02	5.654E+00	
1.284E+02	5.651E+00	
1.285E+02	5.648E+00	
1.286E+02	5.645E+00	
1.287E+02	5.642E+00	
1.288E+02	5.638E+00	
1.289E+02	5.635E+00	
1.290E+02	5.632E+00	
1.291E+02	5.629E+00	
1.292E+02	5.626E+00	
1.293E+02	5.623E+00	
1.294E+02	5.620E+00	
1.295E+02	5.617E+00	
1.296E+02	5.614E+00	
1.297E+02	5.611E+00	
1.298E+02	5.608E+00	
1.299E+02	5.605E+00	
1.300E+02	5.601E+00	
1.301E+02	5.598E+00	
1.302E+02	5.595E+00	
1.303E+02	5.592E+00	
1.304E+02	5.589E+00	
1.305E+02	5.586E+00	
1.306E+02	5.583E+00	
1.307E+02	5.580E+00	
1.308E+02	5.577E+00	
1.309E+02	5.574E+00	
1.310E+02	5.571E+00	
1.311E+02	5.568E+00	
1.312E+02	5.565E+00	
1.313E+02	5.562E+00	
1.314E+02	5.559E+00	
1.315E+02	5.556E+00	
1.316E+02	5.553E+00	
1.317E+02	5.550E+00	
1.318E+02	5.547E+00	
1.319E+02	5.544E+00	
1.320E+02	5.541E+00	
1.321E+02	5.538E+00	
1.322E+02	5.535E+00	
1.323E+02	5.532E+00	
1.324E+02	5.529E+00	
1.325E+02	5.526E+00	
1.326E+02	5.523E+00	
1.327E+02	5.521E+00	
1.328E+02	5.518E+00	
1.329E+02	5.515E+00	
1.330E+02	5.512E+00	
1.331E+02	5.509E+00	
1.332E+02	5.506E+00	
1.333E+02	5.503E+00	
1.334E+02	5.500E+00	
1.335E+02	5.497E+00	
1.336E+02	5.494E+00	
1.337E+02	5.491E+00	
1.338E+02	5.488E+00	
1.339E+02	5.486E+00	
1.340E+02	5.483E+00	
1.341E+02	5.480E+00	
1.342E+02	5.477E+00	
1.343E+02	5.474E+00	
1.344E+02	5.471E+00	
1.345E+02	5.468E+00	
1.346E+02	5.465E+00	
1.347E+02	5.463E+00	
1.348E+02	5.460E+00	
1.349E+02	5.457E+00	
1.350E+02	5.454E+00	
1.351E+02	5.451E+00	
1.352E+02	5.448E+00	
1.353E+02	5.445E+00	
1.354E+02	5.443E+00	
1.355E+02	5.440E+00	
1.356E+02	5.437E+00	
1.357E+02	5.434E+00	
1.358E+02	5.431E+00	
1.359E+02	5.429E+00	
1.360E+02	5.426E+00	
1.361E+02	5.423E+00	
1.362E+02	5.420E+00	
1.363E+02	5.417E+00	
1.364E+02	5.415E+00	
1.365E+02	5.412E+00	
1.366E+02	5.409E+00	
1.367E+02	5.406E+00	
1.368E+02	5.403E+00	
1.369E+02	5.401E+00	
1.370E+02	5.398E+00	
1.371E+02	5.395E+00	
1.372E+02	5.392E+00	
1.373E+02	5.390E+00	
1.374E+02	5.387E+00	
1.375E+02	5.384E+00	
1.376E+02	5.381E+00	
1.377E+02	5.379E+00	
1.378E+02	5.376E+00	
1.379E+02	5.373E+00	
1.380E+02	5.370E+00	
1.381E+02	5.368E+00	
1.382E+02	5.365E+00	
1.383E+02	5.362E+00	
1.384E+02	5.360E+00	
1.385E+02	5.357E+00	
1.386E+02	5.354E+00	
1.387E+02	5.351E+00	
1.388E+02	5.349E+00	
1.389E+02	5.346E+00	
1.390E+02	5.343E+00	
1.391E+02	5.341E+00	
1.392E+02	5.338E+00	
1.393E+02	5.335E+00	
1.394E+02	5.333E+00	
1.395E+02	5.330E+00	
1.396E+02	5.327E+00	
1.397E+02	5.325E+00	
1.398E+02	5.322E+00	
1.399E+02	5.319E+00	
1.400E+02	5.317E+00	
1.401E+02	5.314E+00	
1.402E+02	5.311E+00	
1.403E+02	5.309E+00	
1.404E+02	5.306E+00	
1.405E+02	5.303E+00	
1.406E+02	5.301E+00	
1.407E+02	5.298E+00	
1.408E+02	5.295E+00	
1.409E+02	5.293E+00	
1.410E+02	5.290E+00	
1.411E+02	5.288E+00	
1.412E+02	5.285E+00	
1.413E+02	5.282E+00	
1.414E+02	5.280E+00	
1.415E+02	5.277E+00	
1.416E+02	5.275E+00	
1.417E+02	5.272E+00	
1.418E+02	5.269E+00	
1.419E+02	5.267E+00	
1.420E+02	5.264E+00	
1.421E+02	5.262E+00	
1.422E+02	5.259E+00	
1.423E+02	5.256E+00	
1.424E+02	5.254E+00	
1.425E+02	5.251E+00	
1.426E+02	5.249E+00	
1.427E+02	5.246E+00	
1.428E+02	5.244E+00	
1.429E+02	5.241E+00	
1.430E+02	5.239E+00	
1.431E+02	5.236E+00	
1.432E+02	5.233E+00	
1.433E+02	5.231E+00	
1.434E+02	5.228E+00	
1.435E+02	5.226E+00	
1.436E+02	5.223E+00	
1.437E+02	5.221E+00	
1.438E+02	5.218E+00	
1.439E+02	5.216E+00	
1.440E+02	5.213E+00	
1.441E+02	5.211E+00	
1.442E+02	5.208E+00	
1.443E+02	5.206E+00	
1.444E+02	5.203E+00	
1.445E+02	5.201E+00	
1.446E+02	5.198E+00	
1.447E+02	5.196E+00	
1.448E+02	5.193E+00	
1.449E+02	5.191E+00	
1.450E+02	5.188E+00	
1.451E+02	5.186E+00	
1.452E+02	5.183E+00	
1.453E+02	5.181E+00	
1.454E+02	5.178E+00	
1.455E+02	5.176E+00	
1.456E+02	5.173E+00	
1.457E+02	5.171E+00	
1.458E+02	5.168E+00	
1.459E+02	5.166E+00	
1.460E+02	5.164E+00	
1.461E+02	5.161E+00	
1.462E+02	5.159E+00	
1.463E+02	5.156E+00	
1.464E+02	5.154E+00	
1.465E+02	5.151E+00	
1.466E+02	5.149E+00	
1.467E+02	5.146E+00	
1.468E+02	5.144E+00	
1.469E+02	5.142E+00	
1.470E+02	5.139E+00	
1.471E+02	5.137E+00	
1.472E+02	5.134E+00	
1.473E+02	5.132E+00	
1.474E+02	5.129E+00	
1.475E+02	5.127E+00	
1.476E+02	5.125E+00	
1.477E+02	5.122E+00	
1.478E+02	5.120E+00	
1.479E+02	5.117E+00	
1.480E+02	5.115E+00	
1.481E+02	5.113E+00	
1.482E+02	5.110E+00	
1.483E+02	5.108E+00	
1.484E+02	5.106E+00	
1.485E+02	5.103E+00	
1.486E+02	5.101E+00	
1.487E+02	5.098E+00	
1.488E+02	5.096E+00	
1.489E+02	5.094E+00	
1.490E+02	5.091E+00	
1.491E+02	5.089E+00	
1.492E+02	5.087E+00	
1.493E+02	5.084E+00	
1.494E+02	5.082E+00	
1.495E+02	5.080E+00	
1.496E+02	5.077E+00	
1.497E+02	5.075E+00	
1.498E+02	5.073E+00	
1.499E+02	5.070E+00	
1.500E+02	5.068E+00	